set 0 1 2 3 4 5 6 7 8 9 0 0 1 65537
set 0 1 2 3 4 5 6 7 8 9 0 1 1 1
set 0 1 2 3 4 5 6 7 8 9 0 2 1 2
set 0 1 2 3 4 5 6 7 8 9 0 3 1 1
set 0 1 2 3 4 5 6 7 8 9 0 4 1 1
set 0 1 2 3 4 5 6 7 8 9 0 9 1 0
mod 0 1 2 3 4 5 6 7 8 9 0 6 0 1 2 3 4 5 6 7 8 9 0 0 0 1 2 3 4 5 6 7 8 9 0 2
eql 0 1 2 3 4 5 6 7 8 9 0 7 0 1 2 3 4 5 6 7 8 9 0 6 0 1 2 3 4 5 6 7 8 9 0 9
con 0 1 2 3 4 5 6 7 8 9 0 7 2
jmp 1
set 0 1 2 3 4 5 6 7 8 9 0 3 1 0
add 0 1 2 3 4 5 6 7 8 9 0 2 0 1 2 3 4 5 6 7 8 9 0 2 0 1 2 3 4 5 6 7 8 9 0 1
inf 0 1 2 3 4 5 6 7 8 9 0 5 0 1 2 3 4 5 6 7 8 9 0 2 0 1 2 3 4 5 6 7 8 9 0 0
con 0 1 2 3 4 5 6 7 8 9 0 5 -7
